person 209.0 217.0 233.0 282.0
person 222.0 220.0 248.0 307.0
person 378.0 224.0 411.0 306.0
person 423.0 220.0 454.0 305.0
person 239.0 218.0 273.0 309.0
person 272.0 225.0 301.0 285.0
person 117.0 223.0 174.0 345.0
person 4.0 217.0 74.0 394.0
person 344.0 253.0 371.0 299.0
person 401.0 223.0 434.0 297.0
person 167.0 220.0 191.0 263.0
person 301.0 219.0 321.0 266.0
person 319.0 218.0 341.0 266.0
person 528.0 223.0 550.0 271.0
person 550.0 226.0 573.0 272.0
person 573.0 222.0 593.0 265.0
person 587.0 219.0 612.0 271.0
person 618.0 224.0 639.0 271.0
