person 171.0 215.0 196.0 281.0
person 184.0 219.0 214.0 304.0
person 341.0 221.0 371.0 306.0
person 378.0 220.0 411.0 309.0
person 300.0 220.0 332.0 303.0
person 237.0 220.0 265.0 287.0
person 209.0 218.0 249.0 344.0
person 108.0 216.0 173.0 375.0
person 286.0 247.0 315.0 299.0
person 362.0 222.0 387.0 299.0
person 16.0 206.0 41.0 248.0
person 39.0 208.0 69.0 251.0
person 96.0 221.0 124.0 278.0
person 538.0 224.0 564.0 277.0
person 562.0 226.0 588.0 273.0
person 584.0 218.0 609.0 271.0
person 602.0 219.0 624.0 276.0
person 620.0 216.0 640.0 277.0
