person 135.0 218.0 160.0 281.0
person 150.0 219.0 182.0 298.0
person 339.0 218.0 366.0 300.0
person 370.0 220.0 406.0 307.0
person 197.0 220.0 225.0 288.0
person 285.0 221.0 326.0 329.0
person 209.0 216.0 274.0 372.0
person 320.0 225.0 346.0 294.0
person 104.0 217.0 125.0 264.0
person 401.0 217.0 429.0 274.0
person 505.0 217.0 524.0 256.0
person 521.0 217.0 542.0 257.0
person 554.0 223.0 577.0 277.0
person 580.0 227.0 606.0 277.0
person 601.0 217.0 627.0 275.0
person 32.0 210.0 54.0 246.0
person 252.0 217.0 274.0 263.0
