person 105.0 220.0 131.0 287.0
person 215.0 218.0 248.0 297.0
person 256.0 215.0 288.0 298.0
person 454.0 224.0 484.0 295.0
person 124.0 212.0 153.0 283.0
person 477.0 221.0 533.0 339.0
person 81.0 214.0 118.0 312.0
person 587.0 226.0 617.0 283.0
person 159.0 245.0 185.0 283.0
person 57.0 210.0 83.0 256.0
person 40.0 217.0 62.0 263.0
person 18.0 217.0 45.0 262.0
person 192.0 218.0 216.0 266.0
person 305.0 220.0 334.0 269.0
person 617.0 227.0 640.0 277.0
person 568.0 220.0 590.0 267.0
person 554.0 227.0 574.0 272.0
