person 78.0 222.0 104.0 271.0
person 187.0 220.0 215.0 288.0
person 222.0 218.0 255.0 292.0
person 109.0 222.0 134.0 276.0
person 436.0 222.0 470.0 345.0
person 57.0 231.0 96.0 332.0
person 398.0 229.0 433.0 329.0
person 140.0 222.0 172.0 299.0
person 540.0 231.0 571.0 292.0
person 602.0 227.0 626.0 284.0
person 500.0 222.0 518.0 270.0
person 511.0 222.0 526.0 271.0
person 523.0 219.0 542.0 273.0
person 356.0 220.0 379.0 273.0
person 252.0 222.0 277.0 282.0
person 269.0 220.0 296.0 284.0
person 168.0 222.0 189.0 267.0
person 460.0 231.0 501.0 349.0
