person 25.0 218.0 54.0 275.0
person 128.0 220.0 156.0 290.0
person 159.0 217.0 187.0 292.0
person 481.0 215.0 505.0 262.0
person 67.0 223.0 93.0 279.0
person 245.0 223.0 292.0 345.0
person 221.0 217.0 251.0 286.0
person 489.0 233.0 541.0 365.0
person 2.0 235.0 59.0 379.0
person 450.0 225.0 480.0 293.0
person 273.0 226.0 309.0 315.0
person 618.0 219.0 639.0 276.0
person 590.0 218.0 611.0 259.0
person 527.0 221.0 562.0 321.0
person 560.0 230.0 592.0 315.0
person 516.0 224.0 541.0 295.0
person 315.0 221.0 341.0 272.0
person 101.0 225.0 126.0 260.0
person 182.0 221.0 204.0 286.0
person 206.0 220.0 228.0 282.0
