person 100.0 223.0 131.0 288.0
person 135.0 216.0 163.0 285.0
person 495.0 220.0 516.0 277.0
person 335.0 234.0 389.0 353.0
person 200.0 221.0 232.0 308.0
person 259.0 220.0 289.0 288.0
person 399.0 232.0 452.0 361.0
person 150.0 238.0 233.0 372.0
person 219.0 223.0 258.0 316.0
person 151.0 217.0 178.0 284.0
person 78.0 218.0 100.0 266.0
person 47.0 219.0 74.0 276.0
person 471.0 221.0 493.0 263.0
person 512.0 220.0 531.0 267.0
person 528.0 222.0 550.0 277.0
person 545.0 224.0 573.0 305.0
person 564.0 220.0 591.0 307.0
person 586.0 227.0 617.0 308.0
person 614.0 220.0 639.0 265.0
