person 75.0 222.0 105.0 279.0
person 109.0 219.0 141.0 288.0
person 431.0 238.0 491.0 355.0
person 155.0 222.0 188.0 303.0
person 299.0 221.0 346.0 360.0
person 325.0 241.0 371.0 374.0
person 356.0 229.0 380.0 285.0
person 175.0 228.0 205.0 294.0
person 121.0 247.0 141.0 285.0
person 140.0 220.0 167.0 286.0
person 37.0 224.0 59.0 267.0
person 49.0 212.0 74.0 256.0
person 9.0 218.0 35.0 266.0
person 370.0 228.0 395.0 285.0
person 384.0 226.0 405.0 271.0
person 583.0 222.0 611.0 293.0
person 603.0 225.0 635.0 294.0
person 561.0 217.0 584.0 277.0
person 542.0 220.0 565.0 279.0
