person 47.0 219.0 76.0 278.0
person 82.0 218.0 114.0 285.0
person 533.0 239.0 572.0 346.0
person 119.0 220.0 150.0 296.0
person 199.0 223.0 256.0 357.0
person 464.0 250.0 531.0 373.0
person 76.0 229.0 160.0 366.0
person 307.0 227.0 334.0 289.0
person 153.0 221.0 190.0 298.0
person 409.0 224.0 435.0 276.0
person 25.0 217.0 50.0 275.0
person 5.0 218.0 31.0 272.0
person 327.0 222.0 353.0 287.0
person 425.0 220.0 448.0 277.0
person 438.0 220.0 464.0 272.0
person 468.0 211.0 541.0 270.0
person 551.0 224.0 575.0 279.0
person 569.0 219.0 592.0 285.0
person 600.0 222.0 626.0 296.0
person 621.0 222.0 640.0 288.0
person 586.0 225.0 608.0 274.0
