person 21.0 217.0 52.0 282.0
person 58.0 212.0 86.0 279.0
person 116.0 220.0 141.0 283.0
person 120.0 231.0 177.0 350.0
person 200.0 226.0 278.0 370.0
person 270.0 229.0 296.0 285.0
person 143.0 223.0 174.0 291.0
person 379.0 219.0 400.0 274.0
person 359.0 220.0 383.0 275.0
person 288.0 224.0 311.0 284.0
person 70.0 215.0 99.0 286.0
person 92.0 222.0 118.0 284.0
person 438.0 220.0 461.0 272.0
person 562.0 223.0 586.0 290.0
person 583.0 220.0 609.0 287.0
person 611.0 225.0 636.0 297.0
person 542.0 221.0 564.0 263.0
