person 0.9827 117 227 166 347
person 0.9800 420 219 452 301
person 0.9780 239 217 273 301
person 0.9699 375 220 407 299
person 0.9694 269 218 297 285
person 0.9605 216 217 248 297
person 0.9336 528 223 549 272
person 0.9148 401 221 432 296
person 0.8918 589 217 611 267
person 0.8836 553 225 572 270
person 0.7931 575 221 594 266
person 0.7552 341 226 371 295
person 0.6624 318 218 336 263
person 0.6124 0 221 64 388
person 0.5897 206 221 230 279
person 0.4962 388 220 418 296
person 0.4781 619 222 639 276
person 0.3379 302 217 321 261
