person 0.9899 204 229 249 340
person 0.9832 373 219 405 298
person 0.9734 108 225 171 377
person 0.9703 295 219 329 298
person 0.9680 538 222 560 275
person 0.9587 233 218 262 285
person 0.9343 339 222 369 299
person 0.9263 566 224 587 273
person 0.9240 182 215 214 291
person 0.8832 601 215 624 272
person 0.8636 355 218 387 296
person 0.8631 276 215 296 261
person 0.6592 585 218 606 265
person 0.6558 622 216 639 272
person 0.5164 170 223 192 277
person 0.4803 203 218 232 286
person 0.3582 286 233 313 296
