person 0.9865 250 221 281 295
person 0.9771 425 227 455 297
person 0.9737 304 227 362 364
person 0.9714 569 226 617 342
person 0.9571 561 222 585 279
person 0.9539 341 221 382 321
person 0.9073 162 220 185 277
person 0.8557 191 232 215 290
person 0.8402 13 219 52 306
person 0.8382 125 216 152 283
person 0.8027 288 216 319 289
person 0.7722 301 220 341 312
person 0.6685 484 220 503 266
person 0.6290 108 222 130 274
person 0.6156 532 214 550 256
person 0.5799 602 224 625 278
person 0.4980 435 224 460 278
person 0.4773 183 220 207 279
person 0.3445 475 222 492 264
person 0.3399 142 219 166 275
