person 0.9919 241 228 286 343
person 0.9821 269 221 304 310
person 0.9703 485 232 537 358
person 0.9647 317 218 338 267
person 0.9612 553 223 598 333
person 0.9505 0 238 54 371
person 0.9029 159 217 186 281
person 0.8992 124 221 153 284
person 0.8588 526 220 568 321
person 0.8122 207 218 229 272
person 0.8069 222 217 247 276
person 0.8022 178 216 203 278
person 0.7619 452 225 479 288
person 0.7175 616 216 639 271
person 0.6053 506 220 544 313
person 0.5832 23 214 48 272
person 0.3758 233 221 256 279
