person 0.9932 157 236 212 367
person 0.9860 336 228 383 344
person 0.9820 221 222 253 301
person 0.9805 394 230 449 361
person 0.9688 198 218 232 301
person 0.9616 259 218 286 282
person 0.9398 527 220 550 277
person 0.9113 543 223 573 297
person 0.8845 558 216 604 337
person 0.7478 493 219 514 269
person 0.7293 512 215 532 264
person 0.6820 131 219 157 280
person 0.6610 170 220 196 279
person 0.6376 153 217 178 276
person 0.6021 98 220 124 281
person 0.4442 472 216 491 260
person 0.3896 618 216 637 264
