person 0.9819 155 221 186 299
person 0.9799 433 235 480 348
person 0.9760 177 221 208 298
person 0.9668 321 238 376 370
person 0.9476 292 224 344 350
person 0.9287 556 219 580 277
person 0.8811 594 220 639 337
person 0.8757 538 221 562 279
person 0.8280 104 216 130 278
person 0.8214 576 219 619 323
person 0.7972 75 220 102 282
person 0.6774 487 216 508 265
person 0.6733 134 215 159 273
person 0.6511 507 217 530 271
person 0.6454 473 217 490 260
person 0.4483 517 218 538 267
person 0.4269 352 229 377 286
person 0.3355 386 222 405 265
