person 0.9936 467 245 517 366
person 0.9783 81 228 138 364
person 0.9627 530 234 572 334
person 0.9604 156 223 184 292
person 0.9538 567 218 593 280
person 0.9346 201 236 253 354
person 0.9024 117 219 149 296
person 0.8350 81 216 108 282
person 0.8280 592 218 632 322
person 0.8050 329 222 354 280
person 0.7755 306 225 330 282
person 0.7128 549 222 573 277
person 0.6181 104 216 133 283
person 0.6043 410 221 429 267
person 0.5439 484 214 506 267
person 0.4030 46 220 70 276
person 0.3537 435 220 457 270
person 0.3115 514 221 532 264
