person 0.9869 209 231 266 365
person 0.9521 559 222 585 284
person 0.9456 270 222 295 280
person 0.9347 579 218 608 288
person 0.9258 285 225 309 280
person 0.9239 437 220 458 269
person 0.8631 143 220 170 286
person 0.8567 376 216 399 270
person 0.8119 116 225 167 350
person 0.7801 360 219 383 271
person 0.6954 608 220 639 307
person 0.6675 539 217 557 258
person 0.5543 110 219 136 283
person 0.5017 510 219 529 265
person 0.4068 89 221 113 281
person 0.3084 473 219 492 264
person 0.3026 491 217 510 262
